,date,24h_avg,12h_avg,min,max,volume,m_side
0,2019-06-01,169839.78479647965,169732.25875,167606.4,170999.99,22.40055613,sell
1,2019-06-02,171126.62252236137,170436.4709292035,169063.8,172887.47,23.205092779999998,sell
2,2019-06-03,168768.1569603825,170219.48419520547,162501.11,171994.96,45.84603639,sell
3,2019-06-04,156071.4297725322,159374.49628378375,149053.01,163000.0,84.38570537,sell
4,2019-06-05,154991.69485890653,155761.11501193317,152100.25,157999.99,61.765209600000006,sell
5,2019-06-06,154341.55011792452,157113.96481182796,150000.0,158578.51,46.967830479999996,sell
6,2019-06-07,157197.9467923077,155863.288975,154065.28,159983.81,53.09280146,sell
7,2019-06-08,156558.58539999998,157872.46192468615,154051.0,159000.0,13.94580753,sell
8,2019-06-09,152966.6612565905,155694.15769999998,148000.0,156991.93,27.60991001,sell
9,2019-06-10,153068.86561745591,149708.71089430896,147759.53,156330.0,36.94759992,sell
10,2019-06-11,153069.96005063294,154341.9153719008,150010.01,156175.48,93.32416322000002,sell
11,2019-06-12,155815.45402727273,153476.79533333334,151900.0,158596.58,44.03794117,sell
12,2019-06-13,158200.81595454543,157194.07703333333,155499.01,160939.73,36.9027423,sell
13,2019-06-14,161655.83943333334,159379.943275,157902.02,167399.99,48.35162055000001,sell
14,2019-06-15,167755.57164999997,166732.7093,165651.0,169897.0,39.41232151,sell
15,2019-06-16,173128.89940666666,173645.91057142857,168000.01,178499.99,53.768370829999995,sell
16,2019-06-17,174949.1648125,173651.69130000003,172000.0,177946.09,50.48124266,sell
17,2019-06-18,172470.34556666666,174620.65180000002,169001.0,176776.28,37.567838300000005,sell
18,2019-06-19,174116.2120888889,173878.01666666666,172501.37,176400.0,38.45228891000001,sell
19,2019-06-20,178253.0678076923,176156.89032911393,175000.11,181750.0,43.24893743,sell
20,2019-06-21,186421.23052941175,183469.59694999998,181599.94,191000.0,55.35155106,sell
21,2019-06-22,203576.1760362554,201023.42805714282,192675.0,212915.62,113.40407742,sell
22,2019-06-23,204160.82472392637,202659.99065476187,199613.0,210650.0,28.85686751,sell
23,2019-06-24,206648.16705384612,201879.38660000003,200003.01,211248.16,37.305769639999994,sell
24,2019-06-25,218382.44622380956,213403.25056631892,209775.08,230000.0,45.59550633,sell
25,2019-06-26,244972.53663965518,236800.02088749997,219455.47,269000.0,191.6625614,sell
26,2019-06-27,221736.56524772727,243469.37514999998,192950.0,258999.93,158.31717852999998,sell
27,2019-06-28,225722.25298000002,217613.47861249998,208002.0,239000.0,67.83253346999999,sell
28,2019-06-29,229778.03955983493,228534.55191428566,220000.0,239999.7,40.50613193,sell
29,2019-06-30,221221.52697431782,229774.2025,209999.0,233383.42,34.51244698,sell
30,2019-07-01,203874.075,212123.1459311741,194540.0,215999.93,79.71636508,sell
31,2019-07-02,199201.78353749998,194373.82005714288,188000.05,209500.0,71.74649108,sell
32,2019-07-03,217761.71989473683,216067.69231428573,207798.4,227850.39,61.08646319,sell
33,2019-07-04,223531.01926842105,224416.15751666666,213000.0,227500.0,43.36004113,sell
34,2019-07-05,213722.47366666666,212994.30430000002,208114.16,220000.04,63.33180801000001,sell
35,2019-07-06,219629.81750242016,218839.74372499995,212600.02,224497.4,24.03547749,sell
36,2019-07-07,216899.3361728395,214684.34323353294,213500.0,220000.0,13.70136001,sell
37,2019-07-08,225641.5134285714,219584.68415,216650.0,233700.0,30.44257569,sell
38,2019-07-09,236906.90961111113,237244.07453749998,230000.01,240705.0,50.681687249999996,sell
39,2019-07-10,239538.21601790583,246824.13867142855,225120.01,250000.0,77.08039396000001,sell
40,2019-07-11,223278.7382910409,223666.4090547798,214800.0,236547.58,71.49963441,sell
41,2019-07-12,222838.44281728173,220659.41028,216000.0,228564.97,35.32413927,sell
42,2019-07-13,218907.3968053993,224457.223183391,209495.67,227799.93,24.90207176,sell
43,2019-07-14,208233.08157807312,213391.87015,201124.99,219344.75,29.87086489,sell
44,2019-07-15,201508.85325966848,199411.53822645292,194701.61,211199.93,107.18644198,sell
45,2019-07-16,192946.35395000002,206611.10420000003,180000.0,209984.27,71.00233281999999,sell
46,2019-07-17,184927.24096153845,181422.73951724137,173283.66,191522.22,85.31249453999999,sell
47,2019-07-18,194990.22053076923,187271.1816,177555.02,205500.0,62.44375222000001,sell
48,2019-07-19,200775.30731111113,202656.99646666666,195216.2,205300.0,32.10125565,sell
49,2019-07-20,205085.74659999998,201616.18286666667,199551.0,210674.77,36.21443931,sell
50,2019-07-21,201414.36028,203875.77145,197720.91,206499.9,9.881217939999999,sell
51,2019-07-22,198561.51147142853,202307.74560000002,193920.26,203800.0,20.93627769,sell
52,2019-07-23,193529.8061111111,194912.3021,189500.01,198087.46,36.18178312,sell
53,2019-07-24,186999.11796139926,186636.0920666667,184007.77,190700.0,33.342533329999995,sell
54,2019-07-25,191881.92268256334,192986.9032472325,186880.13,196005.95,23.39099588,sell
55,2019-07-26,187323.10265000002,186790.52303333333,185511.01,189999.87,27.62342882,sell
56,2019-07-27,185592.3789777778,190719.550375,180000.11,195000.0,26.75302517,sell
57,2019-07-28,181078.67454,182060.70345000003,175000.0,183599.81,11.06825906,sell
58,2019-07-29,183135.9486166667,184023.31350000002,181161.47,185764.31,29.68642881,sell
59,2019-07-30,183341.36127142858,181271.79075,180005.49,186369.03,31.532896479999998,sell
60,2019-07-31,190015.08987654318,185202.72850000003,184062.43,193998.0,27.01382728,sell
61,2019-08-01,196253.1698349835,192426.84449760764,191000.01,203859.52,28.425492690000002,sell
62,2019-08-02,202353.9633222222,201379.21540000002,200000.0,205800.0,58.81424865,sell
63,2019-08-03,208161.7626857143,207313.21216666666,204209.92,209500.0,18.94439083,sell
64,2019-08-04,208042.8904,206758.8142333333,203350.07,211000.0,23.94625705,sell
65,2019-08-05,226129.27957996773,221760.287875,210350.09,232000.0,64.33423888,sell
66,2019-08-06,227068.71436336558,229879.498839779,218998.0,237999.94,34.09138056,sell
67,2019-08-07,229814.64105454544,225525.8153333333,223000.0,235950.0,36.69839614,sell
68,2019-08-08,228673.38573333333,232239.84330000004,222101.99,234397.8,37.33475373,sell
69,2019-08-09,228850.7575,229681.14934837093,225801.0,232500.0,22.789595040000002,sell
70,2019-08-10,224623.35713333334,228765.67460807605,219000.9,231197.37,29.437063569999996,sell
71,2019-08-11,222795.55965999997,221844.85030000002,220900.01,226482.47,11.97135989,sell
72,2019-08-12,224409.79911877395,224593.4641614907,222209.01,226000.0,38.079231289999996,sell
73,2019-08-13,215411.09536430833,223314.7304878049,209589.0,225398.97,64.47422326,sell
74,2019-08-14,202109.2626974144,204743.66033232625,196050.0,210425.01,49.15608333,sell
75,2019-08-15,197844.08596666667,193886.21948,190000.0,206741.03,58.547957620000005,sell
76,2019-08-16,203168.43175000002,201036.08493333333,194002.25,208797.1,57.40582384,sell
77,2019-08-17,202245.14248,203702.51909999998,198000.0,205548.42,14.528100649999999,sell
78,2019-08-18,203618.71438,201857.98440476193,199650.03,206418.17,11.75667595,sell
79,2019-08-19,211897.38527777776,206993.27234999998,203224.24,217600.0,22.8086859,sell
80,2019-08-20,213458.8884714286,215968.99938095242,208650.05,218000.0,30.93040053,sell
81,2019-08-21,201769.36755454546,206708.77247500003,195553.0,214115.66,46.28442041,sell
82,2019-08-22,199489.9315111111,197495.1357,193645.25,203798.97,34.06825268,sell
83,2019-08-23,205373.29264444445,201842.02723333333,199500.03,209263.03,16.5642866,sell
84,2019-08-24,202522.54614285717,204673.6889,199000.0,208099.97,16.2357724,sell
85,2019-08-25,201221.7339,200981.40639999998,198823.0,204730.84,9.04995991,sell
86,2019-08-26,205897.9116285714,207503.42699999997,203104.42,211000.0,21.30055977,sell
87,2019-08-27,203414.1196666667,203824.67438356168,201000.0,206224.85,18.142218749999998,sell
88,2019-08-28,199942.7317,203356.69535000005,193900.0,206867.98,33.59932365,sell
89,2019-08-29,192831.36236000003,194551.8275,189000.0,197865.94,37.177669460000004,sell
90,2019-08-30,192319.09571666666,191301.71435000002,190000.0,194999.99,28.673777129999998,sell
91,2019-08-31,193231.75942500003,194380.87070000003,190000.0,194600.03,8.39841657,sell
92,2019-09-01,194036.73988151655,193809.27210810813,192000.0,197791.4,11.54640128,sell
93,2019-09-02,203866.12276765375,197438.21786516855,196555.1,211000.0,38.408844009999996,sell
94,2019-09-03,211170.2751111111,208447.67536666666,206000.02,214000.0,29.75224712,sell
95,2019-09-04,208067.9335,209147.39922118382,203408.85,211400.0,33.64866476,sell
96,2019-09-05,208943.9236142857,208193.48904999997,206775.84,211023.62,23.48956237,sell
97,2019-09-06,208956.3432,211208.36293333332,201514.96,215596.74,46.834825110000004,sell
98,2019-09-07,204892.2715285714,203945.50193333335,202614.82,207800.01,14.662273760000001,sell
99,2019-09-08,205434.19208333333,206639.370896861,202999.01,208504.2,18.69815132,sell
100,2019-09-09,202177.719075,202299.16036666668,198465.54,205289.89,28.353885339999998,sell
101,2019-09-10,199695.77804444445,203027.80289999998,194900.0,204224.69,33.61777628,sell
102,2019-09-11,197647.3234625,197387.92130000002,195000.0,199999.98,25.83551319,sell
103,2019-09-12,200967.81761666667,198567.3305555555,196799.02,204600.0,21.15523584,sell
104,2019-09-13,200554.36271666666,201872.56644999998,198060.23,203549.99,38.862528819999994,sell
105,2019-09-14,202825.72938,202090.34945736433,200600.0,204500.0,11.32795569,sell
106,2019-09-15,201920.87383333332,202703.98019999996,201000.0,203299.0,11.97949741,sell
107,2019-09-16,200198.24880859375,202043.25619999997,197610.03,203289.99,17.94472848,sell
108,2019-09-17,199287.7471153846,199696.1445744681,198040.0,201000.0,29.813785929999998,sell
109,2019-09-18,198278.96197,198627.69850000003,197076.05,199421.42,50.93207427,sell
110,2019-09-19,195694.34489166667,194241.29401384082,191003.0,202101.0,55.67195131,sell
111,2019-09-20,198882.9490714286,200228.4029,196778.21,201599.99,47.6530382,sell
112,2019-09-21,195702.50798333334,197694.55214999997,193752.94,198951.14,13.89486788,sell
113,2019-09-22,194302.9311,193633.08980000002,192550.0,195999.99,5.684402590000001,sell
114,2019-09-23,191883.15466666664,193811.8634,189000.0,194815.69,32.53304032,sell
115,2019-09-24,176077.01728682173,190026.57686666667,157200.0,190999.99,103.98783928,sell
116,2019-09-25,166314.88429184552,167658.86791397847,162000.0,171499.99,58.609309089999996,sell
117,2019-09-26,160176.58323000002,164892.5266,150501.63,167068.81,62.057079370000004,sell
118,2019-09-27,158853.171425,158496.6274248927,154699.59,162999.99,34.185568759999995,sell
119,2019-09-28,161350.85565,162396.5075,159305.18,163301.13,31.0757684,sell
120,2019-09-29,159708.04736972705,161774.4773,156280.01,163000.0,13.84849614,sell
121,2019-09-30,161314.73974358974,157465.07686131386,154123.86,164723.73,42.19585935,sell
122,2019-10-01,165877.33037777775,165928.1169,162251.01,168798.99,52.97350617,sell
123,2019-10-02,164389.15380378658,164969.90065000003,162701.01,166296.98,37.20322018,sell
124,2019-10-03,162153.3241680129,165497.79016666667,159564.32,166300.01,27.92382883,sell
125,2019-10-04,159949.31232857142,159611.35691358024,158652.9,161393.84,22.38870144,sell
126,2019-10-05,158359.708675,159359.502,157256.01,160000.0,13.55778584,sell
127,2019-10-06,156350.42885714286,158590.57576923075,153000.0,159999.99,22.993111309999996,sell
128,2019-10-07,159289.65797499998,154026.84205,152505.3,162991.0,30.11053536,sell
129,2019-10-08,160669.59797082227,161281.53710000002,158909.0,162785.65,28.348673249999997,sell
130,2019-10-09,165098.61649048625,160074.28869565218,159500.02,169598.0,28.546102639999997,sell
131,2019-10-10,166381.03425714283,166973.64526785715,165006.0,168299.99,26.38723708,sell
132,2019-10-11,162313.32626666664,164799.2354368932,160200.0,166302.06,19.37697948,sell
133,2019-10-12,161523.2437123746,160941.3789,160000.01,162999.82,16.79210028,sell
134,2019-10-13,161926.72927860697,161434.02911764706,160017.64,164456.11,8.429479520000001,sell
135,2019-10-14,160899.78566666666,161003.57619999998,159551.01,161700.0,15.35115685,sell
136,2019-10-15,159765.05957957957,161443.47673151753,157480.01,164150.0,45.8488781,sell
137,2019-10-16,154744.1392255892,157829.83930348256,152060.12,158650.96,32.70086584,sell
138,2019-10-17,154816.4965506329,154566.08099999998,153487.08,156881.47,26.24287997,sell
139,2019-10-18,153042.93219764013,153992.61359712228,151200.01,155555.0,41.915364200000006,sell
140,2019-10-19,152437.8273,152217.17995000002,150900.02,154099.98,13.417163330000001,sell
141,2019-10-20,153704.32392,151273.6521,150600.01,157799.99,13.47333479,sell
142,2019-10-21,156227.8061125,157288.96665,154510.72,158500.0,37.00699436,sell
143,2019-10-22,155575.7520375,156114.73189999998,152951.01,156900.0,32.944883129999994,sell
144,2019-10-23,145370.75195833336,153501.44535,140800.0,154468.76,49.226000920000004,sell
145,2019-10-24,142122.83046666667,141594.703775,140361.47,144198.95,52.051438399999995,sell
146,2019-10-25,156944.34076875,142685.24245000002,142059.13,164550.0,64.27838711000001,sell
147,2019-10-26,176568.865859375,178665.0446318182,162501.71,195000.0,105.32383290000001,sell
148,2019-10-27,179113.32382727272,174105.12250728862,172202.02,184493.69,27.43862733,sell
149,2019-10-28,179595.41299285713,182494.43485416664,175225.02,188223.1,44.66698751,sell
150,2019-10-29,178904.27545,179153.67066666664,175672.9,181999.98,31.26441579,sell
151,2019-10-30,175215.18775,176970.2035,171551.01,179489.5,43.25243254,sell
152,2019-10-31,175705.49415714285,173381.4278,172572.65,177881.11,35.91735643,sell
153,2019-11-01,175130.97553333332,175440.7702247191,173075.0,177000.0,26.46434645,sell
154,2019-11-02,177597.71376,176953.39866666668,175851.04,179135.99,19.843762429999998,sell
155,2019-11-03,176406.01197499997,177779.01035,174007.23,180000.0,12.25675464,sell
156,2019-11-04,177623.72427500002,175308.9791333333,174221.13,180500.0,18.41941716,sell
157,2019-11-05,179662.12195189638,179029.57483333332,176300.0,184576.0,41.14832338,sell
158,2019-11-06,179915.1612078346,180522.27322884015,178200.0,181767.12,54.01095519,sell
159,2019-11-07,177787.27190000002,178613.39277499996,176050.0,180342.51,35.89574238,sell
160,2019-11-08,171339.15122727276,176492.0020666667,166926.68,177999.94,50.87176182,sell
161,2019-11-09,169166.98055714284,168953.9047333333,167451.07,171546.27,21.47861441,sell
162,2019-11-10,171089.67456,168937.185,167899.0,174825.0,13.57798139,sell
163,2019-11-11,168451.59802857143,170762.08836734697,166000.0,173995.26,25.99621913,sell
164,2019-11-12,168412.43421666668,167801.76673575127,166000.0,170335.0,31.75186077,sell
165,2019-11-13,169860.9768,169459.8761267606,168800.11,170699.99,19.39698903,sell
166,2019-11-14,168632.2462875,169473.60203333333,166925.76,170697.53,32.13642544,sell
167,2019-11-15,164125.70894915255,165597.6133490566,161800.0,167584.45,37.333211209999995,sell
168,2019-11-16,163294.6871067961,163722.80813953484,162350.86,164999.99,20.47963553,sell
169,2019-11-17,163134.34766000003,162645.28470000002,161501.54,164079.99,13.70900941,sell
170,2019-11-18,160025.93815714287,162530.8197,155317.89,163200.0,19.45792884,sell
171,2019-11-19,156751.69758888887,157252.65203333332,154600.0,158844.89,32.79191505,sell
172,2019-11-20,157593.30745714286,156857.94971014492,156001.0,159781.85,21.694955460000003,sell
173,2019-11-21,150738.41238333334,156534.3005,145010.01,158400.0,34.24947589,sell
174,2019-11-22,141650.50262666665,145574.56994035788,132313.01,149990.0,73.11626457,sell
175,2019-11-23,141150.93497777777,140479.57773333334,138526.94,142743.69,17.806349970000003,sell
176,2019-11-24,137699.72895189002,140555.88564516127,133540.0,142688.61,21.65120725,sell
177,2019-11-25,135672.7973346117,130610.21128772636,126004.88,143998.38,43.59022806,sell
178,2019-11-26,138916.138725,139766.33093333335,136779.85,141515.25,29.512071470000002,sell
179,2019-11-27,143765.02791000003,139263.47879999998,137000.0,149125.0,48.32833152,sell
180,2019-11-28,147769.1645111111,147355.54506666664,144192.48,150000.0,40.704712879999995,sell
181,2019-11-29,149762.8616875,146779.62005,145500.69,152104.62,52.66403604999999,sell
182,2019-11-30,149526.04208333333,151594.37430000002,146045.43,152000.0,17.23703926,sell
183,2019-12-01,145022.25705574913,145275.46133333334,142700.0,148149.6,26.03384405,sell
184,2019-12-02,143198.2662460064,143677.46190265488,141264.97,145799.73,42.77117587,sell
185,2019-12-03,143616.26665,143566.00009999998,142012.0,144898.98,20.84202404,sell
186,2019-12-04,143408.4694375,140162.62116666668,139000.0,150024.0,48.09051347,sell
187,2019-12-05,142166.7518,141602.2526,140079.58,144600.91,33.42690855,sell
188,2019-12-06,143524.78103333333,143111.93440000003,141700.02,145346.34,52.93250748,sell
189,2019-12-07,144904.9423,145162.41955,143858.06,145300.0,15.23424913,sell
190,2019-12-08,144718.64765,143962.2608,142551.01,145998.72,11.432378139999997,sell
191,2019-12-09,143065.98059999998,144456.27104938275,140340.03,145799.01,46.43597753,sell
192,2019-12-10,140309.21248750002,141927.15033898308,138009.72,142536.45,43.193730669999994,sell
193,2019-12-11,137586.85287066246,139300.049,132000.0,139900.0,35.62159533,sell
194,2019-12-12,136848.1666816817,136653.77710526317,135250.41,138699.98,27.21636374,sell
195,2019-12-13,137775.11386666668,137188.11621794873,136800.01,138799.97,40.68766948,sell
196,2019-12-14,136111.47683333332,138190.28809999998,133300.11,138488.46,33.463544479999996,sell
